290500007700000400004738012902003064800050070500067200309004005000080700087005109
080020000040500320020309046600090004000640501134050700360004002407230600000700450
608730000200000460000064820080005701900618004031000080860200039050000100100456200
902040560000009000061250470040030102600480090003070080500008000306500947100360005
020001630090500400806049002900005701000900300352076800009004506080050000045600018
034060901700012680080009000023050790007020005500078030010590000000000413078130020
020604030450100206600005100004003000095201380200500907510000603807352000000000058
032054900090001004080700031005600027800070000270140005000210300018907652603000000
009000700080034065500027001400380096300400017908006000610009308023501070000060040
710480060090050070004030908000040090080300020630208045000500000027001059560970201
097000000301005000045000800003008400000020060000100009700004300000900001000060020
050800300001040860308010002085230600003080007020090083560170498807400000000050700
034580026080700301001002000026400030019370205000100090000000000500014760047063019
670009020030005090900760504806090241020000009090682000007030410580000600300206070
608043790002007016900600000500004180040030050800069040704005361020006005100078000
007090004200000060830746210903604150002530007100000040001050693006903000040100005
246908001700004200000010406030042080510009043800006000003475860460800032070000000
920006301400008065005901000200010030000004750548200600004090020090000540103642800
090068100028500004060200073800624700300000021902300400000000900450036000609150340
018036040609080003000900860307600408050020007090400500062050084000070006084209001
001700509573024106800501002700295018009400305652800007465080071000159004908007053
029650178705180600100900500257800309600219005900007046573400021800020453010395000
005300000800000020070010500400005300010070006003200080060500009004000030000009700
800005216045862007670009500769204030020001765001670009004096800907400601306107940
700020548052008000430957106900061700041030695307509001083075469200080350074306000
705002030230100056090536720406081205809004000300095648040053180523000069001429003
740680900060100080012054736307800120008401570490720060209500040500069308106047205
460020905920145680005300004008964302200500800356200490090070003630850710017609208
437205610082060050000301028091807000703950186040006207200798045004003072379002060
002905047507023006036010950610204008005800004048590213200300701870002039069147020
920870605084036079006001008510709020300012087402300960007253100005048702231000804
062100950908035006040029170250000084400502600890463205020357000070006502685004731
001700905305098024690015007908350012400900536032046000089003040203801650050029073
203070016100026704706480030001800490094710062320094080600003005902157048405060903
100300000020090400005007000800000100040000020007060003000400800000020090006005007
902500607003840090014760302601005000000100264237684509306420900000006023429071806
571390240300850009080010035043205001260041750005600820004123500152008096007009410
806047003901083547300900600680090300012376084009800706290760031003502060108400270
508900216090168045406200000360500801829017530000039600705486120040050360680001007
056120400100030906308760105700000000084371692061095078870903204000607800613040709
000006080000100200009030005040070003000008010000200600071090000590000004804000000
000056000050109000000020040090040070006000300800000002300000008002000600070500010
500000004080006090001000200070308000000050000000790030002000100060900080400000005
070200009003060000400008000020900010800004000006030000000000600090000051000700002
100080000005900000070002000009500040800010000060007200000000710000004603030000402
000900100000080007004002050200005040000100900000070008605000030300006000070000006
000001080030500200000040006200300500000008010000060004050000700300970000062000000
800000005040003020007000100000004000090702060000639000001000700030200040500000008
900000001030004070006000200050302000000060000000078050002000600040700030100000009
370069120009415006051000089280100037003257064046900050008301502032604018190080003